70
80
80
80
80
80
80
80
80
80
80
80
80
85
60
70
77
67
78
89
90
55
68
89
80
85
60
70
77
67
78
89
90
55
68
89
80
85
60
70
77
67
78
89
90
55
68
89
80
85
60
70
77
67
78
89
90
55
68
89
80
85
60
70
77
67
78
89
90
55
68
89
80
85
60
70
77
67
78
89
90
55
68
89
80
85
60
70
77
67
78
89
90
55
68
89
80
85
60
70
77
67
78
89
90
55
68
89
80
85
60
70
77
67
78
89
90
55
68
89
80
85
60
70
77
67
78
89
90
55
68
89
80
85
60
70
77
67
78
89
90
55
68
89
80
85
60
70
77
67
78
89
90
55
68
89
80
85
60
70
77
67
78
89
90
55
68
89
80
85
60
70
77
67
78
89
90
55
68
89
80
85
60
70
77
67
78
89
90
55
68
89
80
85
60
70
77
67
78
89
90
55
68
89
80
85
60
70
77
67
78
89
90
55
68
89
80
85
60
70
77
67
78
89
90
55
68
89
80
85
60
70
77
67
78
89
90
55
68
89
80
85
60
70
77
67
78
89
90
55
68
89
80
85
60
70
77
67
78
89
90
55
68
89
80
85
60
70
77
67
78
89
90
55
68
89
80
85
60
70
77
67
78
89
90
55
68
89
80
85
60
70
77
67
78
89
90
55
68
89
80
85
60
70
77
67
78
89
90
55
68
89
80
85
60
70
77
67
78
89
90
55
68
89
80
85
60
70
77
67
78
89
90
55
68
89
80
85
60
70
77
67
78
89
90
55
68
89
80
85
60
70
77
67
78
89
90
55
68
89
80
85
60
70
77
67
78
89
90
55
68
89
80
85
60
70
77
67
78
89
90
55
68
89



